{
 "cells": [
  {
   "cell_type": "code",
   "execution_count": 1,
   "id": "d431afa6",
   "metadata": {},
   "outputs": [],
   "source": [
    "import numpy as np\n",
    "import pandas as pd\n",
    "import seaborn as sns\n",
    "import matplotlib.pyplot as plt"
   ]
  },
  {
   "cell_type": "code",
   "execution_count": 2,
   "id": "b604e54e",
   "metadata": {},
   "outputs": [],
   "source": [
    "df_train = pd.read_csv('train.csv')\n",
    "df_test = pd.read_csv('test.csv')"
   ]
  },
  {
   "cell_type": "code",
   "execution_count": 3,
   "id": "c7e93fc3",
   "metadata": {},
   "outputs": [],
   "source": [
    "df = pd.concat([df_train, df_test])"
   ]
  },
  {
   "cell_type": "code",
   "execution_count": 4,
   "id": "f606c2de",
   "metadata": {},
   "outputs": [],
   "source": [
    "df = df.reset_index()"
   ]
  },
  {
   "cell_type": "code",
   "execution_count": 5,
   "id": "e98186ec",
   "metadata": {},
   "outputs": [
    {
     "data": {
      "text/html": [
       "<div>\n",
       "<style scoped>\n",
       "    .dataframe tbody tr th:only-of-type {\n",
       "        vertical-align: middle;\n",
       "    }\n",
       "\n",
       "    .dataframe tbody tr th {\n",
       "        vertical-align: top;\n",
       "    }\n",
       "\n",
       "    .dataframe thead th {\n",
       "        text-align: right;\n",
       "    }\n",
       "</style>\n",
       "<table border=\"1\" class=\"dataframe\">\n",
       "  <thead>\n",
       "    <tr style=\"text-align: right;\">\n",
       "      <th></th>\n",
       "      <th>index</th>\n",
       "      <th>PassengerId</th>\n",
       "      <th>Survived</th>\n",
       "      <th>Pclass</th>\n",
       "      <th>Name</th>\n",
       "      <th>Sex</th>\n",
       "      <th>Age</th>\n",
       "      <th>SibSp</th>\n",
       "      <th>Parch</th>\n",
       "      <th>Ticket</th>\n",
       "      <th>Fare</th>\n",
       "      <th>Cabin</th>\n",
       "      <th>Embarked</th>\n",
       "    </tr>\n",
       "  </thead>\n",
       "  <tbody>\n",
       "    <tr>\n",
       "      <th>0</th>\n",
       "      <td>0</td>\n",
       "      <td>1</td>\n",
       "      <td>0.0</td>\n",
       "      <td>3</td>\n",
       "      <td>Braund, Mr. Owen Harris</td>\n",
       "      <td>male</td>\n",
       "      <td>22.0</td>\n",
       "      <td>1</td>\n",
       "      <td>0</td>\n",
       "      <td>A/5 21171</td>\n",
       "      <td>7.2500</td>\n",
       "      <td>NaN</td>\n",
       "      <td>S</td>\n",
       "    </tr>\n",
       "    <tr>\n",
       "      <th>1</th>\n",
       "      <td>1</td>\n",
       "      <td>2</td>\n",
       "      <td>1.0</td>\n",
       "      <td>1</td>\n",
       "      <td>Cumings, Mrs. John Bradley (Florence Briggs Th...</td>\n",
       "      <td>female</td>\n",
       "      <td>38.0</td>\n",
       "      <td>1</td>\n",
       "      <td>0</td>\n",
       "      <td>PC 17599</td>\n",
       "      <td>71.2833</td>\n",
       "      <td>C85</td>\n",
       "      <td>C</td>\n",
       "    </tr>\n",
       "    <tr>\n",
       "      <th>2</th>\n",
       "      <td>2</td>\n",
       "      <td>3</td>\n",
       "      <td>1.0</td>\n",
       "      <td>3</td>\n",
       "      <td>Heikkinen, Miss. Laina</td>\n",
       "      <td>female</td>\n",
       "      <td>26.0</td>\n",
       "      <td>0</td>\n",
       "      <td>0</td>\n",
       "      <td>STON/O2. 3101282</td>\n",
       "      <td>7.9250</td>\n",
       "      <td>NaN</td>\n",
       "      <td>S</td>\n",
       "    </tr>\n",
       "    <tr>\n",
       "      <th>3</th>\n",
       "      <td>3</td>\n",
       "      <td>4</td>\n",
       "      <td>1.0</td>\n",
       "      <td>1</td>\n",
       "      <td>Futrelle, Mrs. Jacques Heath (Lily May Peel)</td>\n",
       "      <td>female</td>\n",
       "      <td>35.0</td>\n",
       "      <td>1</td>\n",
       "      <td>0</td>\n",
       "      <td>113803</td>\n",
       "      <td>53.1000</td>\n",
       "      <td>C123</td>\n",
       "      <td>S</td>\n",
       "    </tr>\n",
       "    <tr>\n",
       "      <th>4</th>\n",
       "      <td>4</td>\n",
       "      <td>5</td>\n",
       "      <td>0.0</td>\n",
       "      <td>3</td>\n",
       "      <td>Allen, Mr. William Henry</td>\n",
       "      <td>male</td>\n",
       "      <td>35.0</td>\n",
       "      <td>0</td>\n",
       "      <td>0</td>\n",
       "      <td>373450</td>\n",
       "      <td>8.0500</td>\n",
       "      <td>NaN</td>\n",
       "      <td>S</td>\n",
       "    </tr>\n",
       "    <tr>\n",
       "      <th>...</th>\n",
       "      <td>...</td>\n",
       "      <td>...</td>\n",
       "      <td>...</td>\n",
       "      <td>...</td>\n",
       "      <td>...</td>\n",
       "      <td>...</td>\n",
       "      <td>...</td>\n",
       "      <td>...</td>\n",
       "      <td>...</td>\n",
       "      <td>...</td>\n",
       "      <td>...</td>\n",
       "      <td>...</td>\n",
       "      <td>...</td>\n",
       "    </tr>\n",
       "    <tr>\n",
       "      <th>1304</th>\n",
       "      <td>413</td>\n",
       "      <td>1305</td>\n",
       "      <td>NaN</td>\n",
       "      <td>3</td>\n",
       "      <td>Spector, Mr. Woolf</td>\n",
       "      <td>male</td>\n",
       "      <td>NaN</td>\n",
       "      <td>0</td>\n",
       "      <td>0</td>\n",
       "      <td>A.5. 3236</td>\n",
       "      <td>8.0500</td>\n",
       "      <td>NaN</td>\n",
       "      <td>S</td>\n",
       "    </tr>\n",
       "    <tr>\n",
       "      <th>1305</th>\n",
       "      <td>414</td>\n",
       "      <td>1306</td>\n",
       "      <td>NaN</td>\n",
       "      <td>1</td>\n",
       "      <td>Oliva y Ocana, Dona. Fermina</td>\n",
       "      <td>female</td>\n",
       "      <td>39.0</td>\n",
       "      <td>0</td>\n",
       "      <td>0</td>\n",
       "      <td>PC 17758</td>\n",
       "      <td>108.9000</td>\n",
       "      <td>C105</td>\n",
       "      <td>C</td>\n",
       "    </tr>\n",
       "    <tr>\n",
       "      <th>1306</th>\n",
       "      <td>415</td>\n",
       "      <td>1307</td>\n",
       "      <td>NaN</td>\n",
       "      <td>3</td>\n",
       "      <td>Saether, Mr. Simon Sivertsen</td>\n",
       "      <td>male</td>\n",
       "      <td>38.5</td>\n",
       "      <td>0</td>\n",
       "      <td>0</td>\n",
       "      <td>SOTON/O.Q. 3101262</td>\n",
       "      <td>7.2500</td>\n",
       "      <td>NaN</td>\n",
       "      <td>S</td>\n",
       "    </tr>\n",
       "    <tr>\n",
       "      <th>1307</th>\n",
       "      <td>416</td>\n",
       "      <td>1308</td>\n",
       "      <td>NaN</td>\n",
       "      <td>3</td>\n",
       "      <td>Ware, Mr. Frederick</td>\n",
       "      <td>male</td>\n",
       "      <td>NaN</td>\n",
       "      <td>0</td>\n",
       "      <td>0</td>\n",
       "      <td>359309</td>\n",
       "      <td>8.0500</td>\n",
       "      <td>NaN</td>\n",
       "      <td>S</td>\n",
       "    </tr>\n",
       "    <tr>\n",
       "      <th>1308</th>\n",
       "      <td>417</td>\n",
       "      <td>1309</td>\n",
       "      <td>NaN</td>\n",
       "      <td>3</td>\n",
       "      <td>Peter, Master. Michael J</td>\n",
       "      <td>male</td>\n",
       "      <td>NaN</td>\n",
       "      <td>1</td>\n",
       "      <td>1</td>\n",
       "      <td>2668</td>\n",
       "      <td>22.3583</td>\n",
       "      <td>NaN</td>\n",
       "      <td>C</td>\n",
       "    </tr>\n",
       "  </tbody>\n",
       "</table>\n",
       "<p>1309 rows × 13 columns</p>\n",
       "</div>"
      ],
      "text/plain": [
       "      index  PassengerId  Survived  Pclass  \\\n",
       "0         0            1       0.0       3   \n",
       "1         1            2       1.0       1   \n",
       "2         2            3       1.0       3   \n",
       "3         3            4       1.0       1   \n",
       "4         4            5       0.0       3   \n",
       "...     ...          ...       ...     ...   \n",
       "1304    413         1305       NaN       3   \n",
       "1305    414         1306       NaN       1   \n",
       "1306    415         1307       NaN       3   \n",
       "1307    416         1308       NaN       3   \n",
       "1308    417         1309       NaN       3   \n",
       "\n",
       "                                                   Name     Sex   Age  SibSp  \\\n",
       "0                               Braund, Mr. Owen Harris    male  22.0      1   \n",
       "1     Cumings, Mrs. John Bradley (Florence Briggs Th...  female  38.0      1   \n",
       "2                                Heikkinen, Miss. Laina  female  26.0      0   \n",
       "3          Futrelle, Mrs. Jacques Heath (Lily May Peel)  female  35.0      1   \n",
       "4                              Allen, Mr. William Henry    male  35.0      0   \n",
       "...                                                 ...     ...   ...    ...   \n",
       "1304                                 Spector, Mr. Woolf    male   NaN      0   \n",
       "1305                       Oliva y Ocana, Dona. Fermina  female  39.0      0   \n",
       "1306                       Saether, Mr. Simon Sivertsen    male  38.5      0   \n",
       "1307                                Ware, Mr. Frederick    male   NaN      0   \n",
       "1308                           Peter, Master. Michael J    male   NaN      1   \n",
       "\n",
       "      Parch              Ticket      Fare Cabin Embarked  \n",
       "0         0           A/5 21171    7.2500   NaN        S  \n",
       "1         0            PC 17599   71.2833   C85        C  \n",
       "2         0    STON/O2. 3101282    7.9250   NaN        S  \n",
       "3         0              113803   53.1000  C123        S  \n",
       "4         0              373450    8.0500   NaN        S  \n",
       "...     ...                 ...       ...   ...      ...  \n",
       "1304      0           A.5. 3236    8.0500   NaN        S  \n",
       "1305      0            PC 17758  108.9000  C105        C  \n",
       "1306      0  SOTON/O.Q. 3101262    7.2500   NaN        S  \n",
       "1307      0              359309    8.0500   NaN        S  \n",
       "1308      1                2668   22.3583   NaN        C  \n",
       "\n",
       "[1309 rows x 13 columns]"
      ]
     },
     "execution_count": 5,
     "metadata": {},
     "output_type": "execute_result"
    }
   ],
   "source": [
    "df"
   ]
  },
  {
   "cell_type": "code",
   "execution_count": 6,
   "id": "8c4dd97d",
   "metadata": {},
   "outputs": [
    {
     "data": {
      "text/plain": [
       "index             0\n",
       "PassengerId       0\n",
       "Survived        418\n",
       "Pclass            0\n",
       "Name              0\n",
       "Sex               0\n",
       "Age             263\n",
       "SibSp             0\n",
       "Parch             0\n",
       "Ticket            0\n",
       "Fare              1\n",
       "Cabin          1014\n",
       "Embarked          2\n",
       "dtype: int64"
      ]
     },
     "execution_count": 6,
     "metadata": {},
     "output_type": "execute_result"
    }
   ],
   "source": [
    "df.isna().sum()"
   ]
  },
  {
   "cell_type": "code",
   "execution_count": 7,
   "id": "b6770b31",
   "metadata": {},
   "outputs": [],
   "source": [
    "df = df.drop('Name', axis=1)"
   ]
  },
  {
   "cell_type": "code",
   "execution_count": 8,
   "id": "393974e3",
   "metadata": {},
   "outputs": [],
   "source": [
    "df = df.drop('Ticket', axis=1)"
   ]
  },
  {
   "cell_type": "code",
   "execution_count": 9,
   "id": "335fc0ab",
   "metadata": {},
   "outputs": [
    {
     "name": "stderr",
     "output_type": "stream",
     "text": [
      "C:\\Users\\ASUS\\AppData\\Local\\Temp\\ipykernel_18452\\1134722465.py:1: FutureWarning: The default value of numeric_only in DataFrame.corr is deprecated. In a future version, it will default to False. Select only valid columns or specify the value of numeric_only to silence this warning.\n",
      "  df.corr()\n"
     ]
    },
    {
     "data": {
      "text/html": [
       "<div>\n",
       "<style scoped>\n",
       "    .dataframe tbody tr th:only-of-type {\n",
       "        vertical-align: middle;\n",
       "    }\n",
       "\n",
       "    .dataframe tbody tr th {\n",
       "        vertical-align: top;\n",
       "    }\n",
       "\n",
       "    .dataframe thead th {\n",
       "        text-align: right;\n",
       "    }\n",
       "</style>\n",
       "<table border=\"1\" class=\"dataframe\">\n",
       "  <thead>\n",
       "    <tr style=\"text-align: right;\">\n",
       "      <th></th>\n",
       "      <th>index</th>\n",
       "      <th>PassengerId</th>\n",
       "      <th>Survived</th>\n",
       "      <th>Pclass</th>\n",
       "      <th>Age</th>\n",
       "      <th>SibSp</th>\n",
       "      <th>Parch</th>\n",
       "      <th>Fare</th>\n",
       "    </tr>\n",
       "  </thead>\n",
       "  <tbody>\n",
       "    <tr>\n",
       "      <th>index</th>\n",
       "      <td>1.000000</td>\n",
       "      <td>0.170654</td>\n",
       "      <td>-0.005007</td>\n",
       "      <td>-0.018212</td>\n",
       "      <td>0.012723</td>\n",
       "      <td>-0.027343</td>\n",
       "      <td>0.003911</td>\n",
       "      <td>-0.003723</td>\n",
       "    </tr>\n",
       "    <tr>\n",
       "      <th>PassengerId</th>\n",
       "      <td>0.170654</td>\n",
       "      <td>1.000000</td>\n",
       "      <td>-0.005007</td>\n",
       "      <td>-0.038354</td>\n",
       "      <td>0.028814</td>\n",
       "      <td>-0.055224</td>\n",
       "      <td>0.008942</td>\n",
       "      <td>0.031428</td>\n",
       "    </tr>\n",
       "    <tr>\n",
       "      <th>Survived</th>\n",
       "      <td>-0.005007</td>\n",
       "      <td>-0.005007</td>\n",
       "      <td>1.000000</td>\n",
       "      <td>-0.338481</td>\n",
       "      <td>-0.077221</td>\n",
       "      <td>-0.035322</td>\n",
       "      <td>0.081629</td>\n",
       "      <td>0.257307</td>\n",
       "    </tr>\n",
       "    <tr>\n",
       "      <th>Pclass</th>\n",
       "      <td>-0.018212</td>\n",
       "      <td>-0.038354</td>\n",
       "      <td>-0.338481</td>\n",
       "      <td>1.000000</td>\n",
       "      <td>-0.408106</td>\n",
       "      <td>0.060832</td>\n",
       "      <td>0.018322</td>\n",
       "      <td>-0.558629</td>\n",
       "    </tr>\n",
       "    <tr>\n",
       "      <th>Age</th>\n",
       "      <td>0.012723</td>\n",
       "      <td>0.028814</td>\n",
       "      <td>-0.077221</td>\n",
       "      <td>-0.408106</td>\n",
       "      <td>1.000000</td>\n",
       "      <td>-0.243699</td>\n",
       "      <td>-0.150917</td>\n",
       "      <td>0.178740</td>\n",
       "    </tr>\n",
       "    <tr>\n",
       "      <th>SibSp</th>\n",
       "      <td>-0.027343</td>\n",
       "      <td>-0.055224</td>\n",
       "      <td>-0.035322</td>\n",
       "      <td>0.060832</td>\n",
       "      <td>-0.243699</td>\n",
       "      <td>1.000000</td>\n",
       "      <td>0.373587</td>\n",
       "      <td>0.160238</td>\n",
       "    </tr>\n",
       "    <tr>\n",
       "      <th>Parch</th>\n",
       "      <td>0.003911</td>\n",
       "      <td>0.008942</td>\n",
       "      <td>0.081629</td>\n",
       "      <td>0.018322</td>\n",
       "      <td>-0.150917</td>\n",
       "      <td>0.373587</td>\n",
       "      <td>1.000000</td>\n",
       "      <td>0.221539</td>\n",
       "    </tr>\n",
       "    <tr>\n",
       "      <th>Fare</th>\n",
       "      <td>-0.003723</td>\n",
       "      <td>0.031428</td>\n",
       "      <td>0.257307</td>\n",
       "      <td>-0.558629</td>\n",
       "      <td>0.178740</td>\n",
       "      <td>0.160238</td>\n",
       "      <td>0.221539</td>\n",
       "      <td>1.000000</td>\n",
       "    </tr>\n",
       "  </tbody>\n",
       "</table>\n",
       "</div>"
      ],
      "text/plain": [
       "                index  PassengerId  Survived    Pclass       Age     SibSp  \\\n",
       "index        1.000000     0.170654 -0.005007 -0.018212  0.012723 -0.027343   \n",
       "PassengerId  0.170654     1.000000 -0.005007 -0.038354  0.028814 -0.055224   \n",
       "Survived    -0.005007    -0.005007  1.000000 -0.338481 -0.077221 -0.035322   \n",
       "Pclass      -0.018212    -0.038354 -0.338481  1.000000 -0.408106  0.060832   \n",
       "Age          0.012723     0.028814 -0.077221 -0.408106  1.000000 -0.243699   \n",
       "SibSp       -0.027343    -0.055224 -0.035322  0.060832 -0.243699  1.000000   \n",
       "Parch        0.003911     0.008942  0.081629  0.018322 -0.150917  0.373587   \n",
       "Fare        -0.003723     0.031428  0.257307 -0.558629  0.178740  0.160238   \n",
       "\n",
       "                Parch      Fare  \n",
       "index        0.003911 -0.003723  \n",
       "PassengerId  0.008942  0.031428  \n",
       "Survived     0.081629  0.257307  \n",
       "Pclass       0.018322 -0.558629  \n",
       "Age         -0.150917  0.178740  \n",
       "SibSp        0.373587  0.160238  \n",
       "Parch        1.000000  0.221539  \n",
       "Fare         0.221539  1.000000  "
      ]
     },
     "execution_count": 9,
     "metadata": {},
     "output_type": "execute_result"
    }
   ],
   "source": [
    "df.corr()"
   ]
  },
  {
   "cell_type": "code",
   "execution_count": 10,
   "id": "309ba52a",
   "metadata": {},
   "outputs": [
    {
     "data": {
      "text/html": [
       "<div>\n",
       "<style scoped>\n",
       "    .dataframe tbody tr th:only-of-type {\n",
       "        vertical-align: middle;\n",
       "    }\n",
       "\n",
       "    .dataframe tbody tr th {\n",
       "        vertical-align: top;\n",
       "    }\n",
       "\n",
       "    .dataframe thead th {\n",
       "        text-align: right;\n",
       "    }\n",
       "</style>\n",
       "<table border=\"1\" class=\"dataframe\">\n",
       "  <thead>\n",
       "    <tr style=\"text-align: right;\">\n",
       "      <th></th>\n",
       "      <th>index</th>\n",
       "      <th>PassengerId</th>\n",
       "      <th>Survived</th>\n",
       "      <th>Pclass</th>\n",
       "      <th>Sex</th>\n",
       "      <th>Age</th>\n",
       "      <th>SibSp</th>\n",
       "      <th>Parch</th>\n",
       "      <th>Fare</th>\n",
       "      <th>Cabin</th>\n",
       "      <th>Embarked</th>\n",
       "    </tr>\n",
       "  </thead>\n",
       "  <tbody>\n",
       "    <tr>\n",
       "      <th>0</th>\n",
       "      <td>0</td>\n",
       "      <td>1</td>\n",
       "      <td>0.0</td>\n",
       "      <td>3</td>\n",
       "      <td>male</td>\n",
       "      <td>22.0</td>\n",
       "      <td>1</td>\n",
       "      <td>0</td>\n",
       "      <td>7.2500</td>\n",
       "      <td>NaN</td>\n",
       "      <td>S</td>\n",
       "    </tr>\n",
       "    <tr>\n",
       "      <th>1</th>\n",
       "      <td>1</td>\n",
       "      <td>2</td>\n",
       "      <td>1.0</td>\n",
       "      <td>1</td>\n",
       "      <td>female</td>\n",
       "      <td>38.0</td>\n",
       "      <td>1</td>\n",
       "      <td>0</td>\n",
       "      <td>71.2833</td>\n",
       "      <td>C85</td>\n",
       "      <td>C</td>\n",
       "    </tr>\n",
       "    <tr>\n",
       "      <th>2</th>\n",
       "      <td>2</td>\n",
       "      <td>3</td>\n",
       "      <td>1.0</td>\n",
       "      <td>3</td>\n",
       "      <td>female</td>\n",
       "      <td>26.0</td>\n",
       "      <td>0</td>\n",
       "      <td>0</td>\n",
       "      <td>7.9250</td>\n",
       "      <td>NaN</td>\n",
       "      <td>S</td>\n",
       "    </tr>\n",
       "  </tbody>\n",
       "</table>\n",
       "</div>"
      ],
      "text/plain": [
       "   index  PassengerId  Survived  Pclass     Sex   Age  SibSp  Parch     Fare  \\\n",
       "0      0            1       0.0       3    male  22.0      1      0   7.2500   \n",
       "1      1            2       1.0       1  female  38.0      1      0  71.2833   \n",
       "2      2            3       1.0       3  female  26.0      0      0   7.9250   \n",
       "\n",
       "  Cabin Embarked  \n",
       "0   NaN        S  \n",
       "1   C85        C  \n",
       "2   NaN        S  "
      ]
     },
     "execution_count": 10,
     "metadata": {},
     "output_type": "execute_result"
    }
   ],
   "source": [
    "df.head(3)"
   ]
  },
  {
   "cell_type": "code",
   "execution_count": 11,
   "id": "d837ad13",
   "metadata": {},
   "outputs": [],
   "source": [
    "from sklearn.preprocessing import OrdinalEncoder"
   ]
  },
  {
   "cell_type": "code",
   "execution_count": 12,
   "id": "cd2750a6",
   "metadata": {},
   "outputs": [],
   "source": [
    "encoder = OrdinalEncoder(dtype=float)"
   ]
  },
  {
   "cell_type": "code",
   "execution_count": 13,
   "id": "7a3dbbc3",
   "metadata": {},
   "outputs": [],
   "source": [
    "df['Embarked'] = encoder.fit_transform(df[['Embarked']])"
   ]
  },
  {
   "cell_type": "code",
   "execution_count": 14,
   "id": "51f6b271",
   "metadata": {},
   "outputs": [],
   "source": [
    "df['Sex'] = encoder.fit_transform(df[['Sex']])"
   ]
  },
  {
   "cell_type": "code",
   "execution_count": 15,
   "id": "9c6546e7",
   "metadata": {},
   "outputs": [
    {
     "data": {
      "text/html": [
       "<div>\n",
       "<style scoped>\n",
       "    .dataframe tbody tr th:only-of-type {\n",
       "        vertical-align: middle;\n",
       "    }\n",
       "\n",
       "    .dataframe tbody tr th {\n",
       "        vertical-align: top;\n",
       "    }\n",
       "\n",
       "    .dataframe thead th {\n",
       "        text-align: right;\n",
       "    }\n",
       "</style>\n",
       "<table border=\"1\" class=\"dataframe\">\n",
       "  <thead>\n",
       "    <tr style=\"text-align: right;\">\n",
       "      <th></th>\n",
       "      <th>index</th>\n",
       "      <th>PassengerId</th>\n",
       "      <th>Survived</th>\n",
       "      <th>Pclass</th>\n",
       "      <th>Sex</th>\n",
       "      <th>Age</th>\n",
       "      <th>SibSp</th>\n",
       "      <th>Parch</th>\n",
       "      <th>Fare</th>\n",
       "      <th>Cabin</th>\n",
       "      <th>Embarked</th>\n",
       "    </tr>\n",
       "  </thead>\n",
       "  <tbody>\n",
       "    <tr>\n",
       "      <th>0</th>\n",
       "      <td>0</td>\n",
       "      <td>1</td>\n",
       "      <td>0.0</td>\n",
       "      <td>3</td>\n",
       "      <td>1.0</td>\n",
       "      <td>22.0</td>\n",
       "      <td>1</td>\n",
       "      <td>0</td>\n",
       "      <td>7.2500</td>\n",
       "      <td>NaN</td>\n",
       "      <td>2.0</td>\n",
       "    </tr>\n",
       "    <tr>\n",
       "      <th>1</th>\n",
       "      <td>1</td>\n",
       "      <td>2</td>\n",
       "      <td>1.0</td>\n",
       "      <td>1</td>\n",
       "      <td>0.0</td>\n",
       "      <td>38.0</td>\n",
       "      <td>1</td>\n",
       "      <td>0</td>\n",
       "      <td>71.2833</td>\n",
       "      <td>C85</td>\n",
       "      <td>0.0</td>\n",
       "    </tr>\n",
       "    <tr>\n",
       "      <th>2</th>\n",
       "      <td>2</td>\n",
       "      <td>3</td>\n",
       "      <td>1.0</td>\n",
       "      <td>3</td>\n",
       "      <td>0.0</td>\n",
       "      <td>26.0</td>\n",
       "      <td>0</td>\n",
       "      <td>0</td>\n",
       "      <td>7.9250</td>\n",
       "      <td>NaN</td>\n",
       "      <td>2.0</td>\n",
       "    </tr>\n",
       "  </tbody>\n",
       "</table>\n",
       "</div>"
      ],
      "text/plain": [
       "   index  PassengerId  Survived  Pclass  Sex   Age  SibSp  Parch     Fare  \\\n",
       "0      0            1       0.0       3  1.0  22.0      1      0   7.2500   \n",
       "1      1            2       1.0       1  0.0  38.0      1      0  71.2833   \n",
       "2      2            3       1.0       3  0.0  26.0      0      0   7.9250   \n",
       "\n",
       "  Cabin  Embarked  \n",
       "0   NaN       2.0  \n",
       "1   C85       0.0  \n",
       "2   NaN       2.0  "
      ]
     },
     "execution_count": 15,
     "metadata": {},
     "output_type": "execute_result"
    }
   ],
   "source": [
    "df.head(3)"
   ]
  },
  {
   "cell_type": "code",
   "execution_count": 16,
   "id": "ef561680",
   "metadata": {},
   "outputs": [
    {
     "name": "stderr",
     "output_type": "stream",
     "text": [
      "C:\\Users\\ASUS\\AppData\\Local\\Temp\\ipykernel_18452\\1134722465.py:1: FutureWarning: The default value of numeric_only in DataFrame.corr is deprecated. In a future version, it will default to False. Select only valid columns or specify the value of numeric_only to silence this warning.\n",
      "  df.corr()\n"
     ]
    },
    {
     "data": {
      "text/html": [
       "<div>\n",
       "<style scoped>\n",
       "    .dataframe tbody tr th:only-of-type {\n",
       "        vertical-align: middle;\n",
       "    }\n",
       "\n",
       "    .dataframe tbody tr th {\n",
       "        vertical-align: top;\n",
       "    }\n",
       "\n",
       "    .dataframe thead th {\n",
       "        text-align: right;\n",
       "    }\n",
       "</style>\n",
       "<table border=\"1\" class=\"dataframe\">\n",
       "  <thead>\n",
       "    <tr style=\"text-align: right;\">\n",
       "      <th></th>\n",
       "      <th>index</th>\n",
       "      <th>PassengerId</th>\n",
       "      <th>Survived</th>\n",
       "      <th>Pclass</th>\n",
       "      <th>Sex</th>\n",
       "      <th>Age</th>\n",
       "      <th>SibSp</th>\n",
       "      <th>Parch</th>\n",
       "      <th>Fare</th>\n",
       "      <th>Embarked</th>\n",
       "    </tr>\n",
       "  </thead>\n",
       "  <tbody>\n",
       "    <tr>\n",
       "      <th>index</th>\n",
       "      <td>1.000000</td>\n",
       "      <td>0.170654</td>\n",
       "      <td>-0.005007</td>\n",
       "      <td>-0.018212</td>\n",
       "      <td>0.038626</td>\n",
       "      <td>0.012723</td>\n",
       "      <td>-0.027343</td>\n",
       "      <td>0.003911</td>\n",
       "      <td>-0.003723</td>\n",
       "      <td>0.049590</td>\n",
       "    </tr>\n",
       "    <tr>\n",
       "      <th>PassengerId</th>\n",
       "      <td>0.170654</td>\n",
       "      <td>1.000000</td>\n",
       "      <td>-0.005007</td>\n",
       "      <td>-0.038354</td>\n",
       "      <td>0.013406</td>\n",
       "      <td>0.028814</td>\n",
       "      <td>-0.055224</td>\n",
       "      <td>0.008942</td>\n",
       "      <td>0.031428</td>\n",
       "      <td>-0.051518</td>\n",
       "    </tr>\n",
       "    <tr>\n",
       "      <th>Survived</th>\n",
       "      <td>-0.005007</td>\n",
       "      <td>-0.005007</td>\n",
       "      <td>1.000000</td>\n",
       "      <td>-0.338481</td>\n",
       "      <td>-0.543351</td>\n",
       "      <td>-0.077221</td>\n",
       "      <td>-0.035322</td>\n",
       "      <td>0.081629</td>\n",
       "      <td>0.257307</td>\n",
       "      <td>-0.169718</td>\n",
       "    </tr>\n",
       "    <tr>\n",
       "      <th>Pclass</th>\n",
       "      <td>-0.018212</td>\n",
       "      <td>-0.038354</td>\n",
       "      <td>-0.338481</td>\n",
       "      <td>1.000000</td>\n",
       "      <td>0.124617</td>\n",
       "      <td>-0.408106</td>\n",
       "      <td>0.060832</td>\n",
       "      <td>0.018322</td>\n",
       "      <td>-0.558629</td>\n",
       "      <td>0.187349</td>\n",
       "    </tr>\n",
       "    <tr>\n",
       "      <th>Sex</th>\n",
       "      <td>0.038626</td>\n",
       "      <td>0.013406</td>\n",
       "      <td>-0.543351</td>\n",
       "      <td>0.124617</td>\n",
       "      <td>1.000000</td>\n",
       "      <td>0.063645</td>\n",
       "      <td>-0.109609</td>\n",
       "      <td>-0.213125</td>\n",
       "      <td>-0.185523</td>\n",
       "      <td>0.099408</td>\n",
       "    </tr>\n",
       "    <tr>\n",
       "      <th>Age</th>\n",
       "      <td>0.012723</td>\n",
       "      <td>0.028814</td>\n",
       "      <td>-0.077221</td>\n",
       "      <td>-0.408106</td>\n",
       "      <td>0.063645</td>\n",
       "      <td>1.000000</td>\n",
       "      <td>-0.243699</td>\n",
       "      <td>-0.150917</td>\n",
       "      <td>0.178740</td>\n",
       "      <td>-0.081928</td>\n",
       "    </tr>\n",
       "    <tr>\n",
       "      <th>SibSp</th>\n",
       "      <td>-0.027343</td>\n",
       "      <td>-0.055224</td>\n",
       "      <td>-0.035322</td>\n",
       "      <td>0.060832</td>\n",
       "      <td>-0.109609</td>\n",
       "      <td>-0.243699</td>\n",
       "      <td>1.000000</td>\n",
       "      <td>0.373587</td>\n",
       "      <td>0.160238</td>\n",
       "      <td>0.066055</td>\n",
       "    </tr>\n",
       "    <tr>\n",
       "      <th>Parch</th>\n",
       "      <td>0.003911</td>\n",
       "      <td>0.008942</td>\n",
       "      <td>0.081629</td>\n",
       "      <td>0.018322</td>\n",
       "      <td>-0.213125</td>\n",
       "      <td>-0.150917</td>\n",
       "      <td>0.373587</td>\n",
       "      <td>1.000000</td>\n",
       "      <td>0.221539</td>\n",
       "      <td>0.045216</td>\n",
       "    </tr>\n",
       "    <tr>\n",
       "      <th>Fare</th>\n",
       "      <td>-0.003723</td>\n",
       "      <td>0.031428</td>\n",
       "      <td>0.257307</td>\n",
       "      <td>-0.558629</td>\n",
       "      <td>-0.185523</td>\n",
       "      <td>0.178740</td>\n",
       "      <td>0.160238</td>\n",
       "      <td>0.221539</td>\n",
       "      <td>1.000000</td>\n",
       "      <td>-0.239086</td>\n",
       "    </tr>\n",
       "    <tr>\n",
       "      <th>Embarked</th>\n",
       "      <td>0.049590</td>\n",
       "      <td>-0.051518</td>\n",
       "      <td>-0.169718</td>\n",
       "      <td>0.187349</td>\n",
       "      <td>0.099408</td>\n",
       "      <td>-0.081928</td>\n",
       "      <td>0.066055</td>\n",
       "      <td>0.045216</td>\n",
       "      <td>-0.239086</td>\n",
       "      <td>1.000000</td>\n",
       "    </tr>\n",
       "  </tbody>\n",
       "</table>\n",
       "</div>"
      ],
      "text/plain": [
       "                index  PassengerId  Survived    Pclass       Sex       Age  \\\n",
       "index        1.000000     0.170654 -0.005007 -0.018212  0.038626  0.012723   \n",
       "PassengerId  0.170654     1.000000 -0.005007 -0.038354  0.013406  0.028814   \n",
       "Survived    -0.005007    -0.005007  1.000000 -0.338481 -0.543351 -0.077221   \n",
       "Pclass      -0.018212    -0.038354 -0.338481  1.000000  0.124617 -0.408106   \n",
       "Sex          0.038626     0.013406 -0.543351  0.124617  1.000000  0.063645   \n",
       "Age          0.012723     0.028814 -0.077221 -0.408106  0.063645  1.000000   \n",
       "SibSp       -0.027343    -0.055224 -0.035322  0.060832 -0.109609 -0.243699   \n",
       "Parch        0.003911     0.008942  0.081629  0.018322 -0.213125 -0.150917   \n",
       "Fare        -0.003723     0.031428  0.257307 -0.558629 -0.185523  0.178740   \n",
       "Embarked     0.049590    -0.051518 -0.169718  0.187349  0.099408 -0.081928   \n",
       "\n",
       "                SibSp     Parch      Fare  Embarked  \n",
       "index       -0.027343  0.003911 -0.003723  0.049590  \n",
       "PassengerId -0.055224  0.008942  0.031428 -0.051518  \n",
       "Survived    -0.035322  0.081629  0.257307 -0.169718  \n",
       "Pclass       0.060832  0.018322 -0.558629  0.187349  \n",
       "Sex         -0.109609 -0.213125 -0.185523  0.099408  \n",
       "Age         -0.243699 -0.150917  0.178740 -0.081928  \n",
       "SibSp        1.000000  0.373587  0.160238  0.066055  \n",
       "Parch        0.373587  1.000000  0.221539  0.045216  \n",
       "Fare         0.160238  0.221539  1.000000 -0.239086  \n",
       "Embarked     0.066055  0.045216 -0.239086  1.000000  "
      ]
     },
     "execution_count": 16,
     "metadata": {},
     "output_type": "execute_result"
    }
   ],
   "source": [
    "df.corr()"
   ]
  },
  {
   "cell_type": "code",
   "execution_count": 17,
   "id": "e2b5e5c8",
   "metadata": {},
   "outputs": [],
   "source": [
    "df = df.drop('index', axis=1)"
   ]
  },
  {
   "cell_type": "code",
   "execution_count": 18,
   "id": "68f72788",
   "metadata": {},
   "outputs": [
    {
     "name": "stderr",
     "output_type": "stream",
     "text": [
      "C:\\Users\\ASUS\\AppData\\Local\\Temp\\ipykernel_18452\\1134722465.py:1: FutureWarning: The default value of numeric_only in DataFrame.corr is deprecated. In a future version, it will default to False. Select only valid columns or specify the value of numeric_only to silence this warning.\n",
      "  df.corr()\n"
     ]
    },
    {
     "data": {
      "text/html": [
       "<div>\n",
       "<style scoped>\n",
       "    .dataframe tbody tr th:only-of-type {\n",
       "        vertical-align: middle;\n",
       "    }\n",
       "\n",
       "    .dataframe tbody tr th {\n",
       "        vertical-align: top;\n",
       "    }\n",
       "\n",
       "    .dataframe thead th {\n",
       "        text-align: right;\n",
       "    }\n",
       "</style>\n",
       "<table border=\"1\" class=\"dataframe\">\n",
       "  <thead>\n",
       "    <tr style=\"text-align: right;\">\n",
       "      <th></th>\n",
       "      <th>PassengerId</th>\n",
       "      <th>Survived</th>\n",
       "      <th>Pclass</th>\n",
       "      <th>Sex</th>\n",
       "      <th>Age</th>\n",
       "      <th>SibSp</th>\n",
       "      <th>Parch</th>\n",
       "      <th>Fare</th>\n",
       "      <th>Embarked</th>\n",
       "    </tr>\n",
       "  </thead>\n",
       "  <tbody>\n",
       "    <tr>\n",
       "      <th>PassengerId</th>\n",
       "      <td>1.000000</td>\n",
       "      <td>-0.005007</td>\n",
       "      <td>-0.038354</td>\n",
       "      <td>0.013406</td>\n",
       "      <td>0.028814</td>\n",
       "      <td>-0.055224</td>\n",
       "      <td>0.008942</td>\n",
       "      <td>0.031428</td>\n",
       "      <td>-0.051518</td>\n",
       "    </tr>\n",
       "    <tr>\n",
       "      <th>Survived</th>\n",
       "      <td>-0.005007</td>\n",
       "      <td>1.000000</td>\n",
       "      <td>-0.338481</td>\n",
       "      <td>-0.543351</td>\n",
       "      <td>-0.077221</td>\n",
       "      <td>-0.035322</td>\n",
       "      <td>0.081629</td>\n",
       "      <td>0.257307</td>\n",
       "      <td>-0.169718</td>\n",
       "    </tr>\n",
       "    <tr>\n",
       "      <th>Pclass</th>\n",
       "      <td>-0.038354</td>\n",
       "      <td>-0.338481</td>\n",
       "      <td>1.000000</td>\n",
       "      <td>0.124617</td>\n",
       "      <td>-0.408106</td>\n",
       "      <td>0.060832</td>\n",
       "      <td>0.018322</td>\n",
       "      <td>-0.558629</td>\n",
       "      <td>0.187349</td>\n",
       "    </tr>\n",
       "    <tr>\n",
       "      <th>Sex</th>\n",
       "      <td>0.013406</td>\n",
       "      <td>-0.543351</td>\n",
       "      <td>0.124617</td>\n",
       "      <td>1.000000</td>\n",
       "      <td>0.063645</td>\n",
       "      <td>-0.109609</td>\n",
       "      <td>-0.213125</td>\n",
       "      <td>-0.185523</td>\n",
       "      <td>0.099408</td>\n",
       "    </tr>\n",
       "    <tr>\n",
       "      <th>Age</th>\n",
       "      <td>0.028814</td>\n",
       "      <td>-0.077221</td>\n",
       "      <td>-0.408106</td>\n",
       "      <td>0.063645</td>\n",
       "      <td>1.000000</td>\n",
       "      <td>-0.243699</td>\n",
       "      <td>-0.150917</td>\n",
       "      <td>0.178740</td>\n",
       "      <td>-0.081928</td>\n",
       "    </tr>\n",
       "    <tr>\n",
       "      <th>SibSp</th>\n",
       "      <td>-0.055224</td>\n",
       "      <td>-0.035322</td>\n",
       "      <td>0.060832</td>\n",
       "      <td>-0.109609</td>\n",
       "      <td>-0.243699</td>\n",
       "      <td>1.000000</td>\n",
       "      <td>0.373587</td>\n",
       "      <td>0.160238</td>\n",
       "      <td>0.066055</td>\n",
       "    </tr>\n",
       "    <tr>\n",
       "      <th>Parch</th>\n",
       "      <td>0.008942</td>\n",
       "      <td>0.081629</td>\n",
       "      <td>0.018322</td>\n",
       "      <td>-0.213125</td>\n",
       "      <td>-0.150917</td>\n",
       "      <td>0.373587</td>\n",
       "      <td>1.000000</td>\n",
       "      <td>0.221539</td>\n",
       "      <td>0.045216</td>\n",
       "    </tr>\n",
       "    <tr>\n",
       "      <th>Fare</th>\n",
       "      <td>0.031428</td>\n",
       "      <td>0.257307</td>\n",
       "      <td>-0.558629</td>\n",
       "      <td>-0.185523</td>\n",
       "      <td>0.178740</td>\n",
       "      <td>0.160238</td>\n",
       "      <td>0.221539</td>\n",
       "      <td>1.000000</td>\n",
       "      <td>-0.239086</td>\n",
       "    </tr>\n",
       "    <tr>\n",
       "      <th>Embarked</th>\n",
       "      <td>-0.051518</td>\n",
       "      <td>-0.169718</td>\n",
       "      <td>0.187349</td>\n",
       "      <td>0.099408</td>\n",
       "      <td>-0.081928</td>\n",
       "      <td>0.066055</td>\n",
       "      <td>0.045216</td>\n",
       "      <td>-0.239086</td>\n",
       "      <td>1.000000</td>\n",
       "    </tr>\n",
       "  </tbody>\n",
       "</table>\n",
       "</div>"
      ],
      "text/plain": [
       "             PassengerId  Survived    Pclass       Sex       Age     SibSp  \\\n",
       "PassengerId     1.000000 -0.005007 -0.038354  0.013406  0.028814 -0.055224   \n",
       "Survived       -0.005007  1.000000 -0.338481 -0.543351 -0.077221 -0.035322   \n",
       "Pclass         -0.038354 -0.338481  1.000000  0.124617 -0.408106  0.060832   \n",
       "Sex             0.013406 -0.543351  0.124617  1.000000  0.063645 -0.109609   \n",
       "Age             0.028814 -0.077221 -0.408106  0.063645  1.000000 -0.243699   \n",
       "SibSp          -0.055224 -0.035322  0.060832 -0.109609 -0.243699  1.000000   \n",
       "Parch           0.008942  0.081629  0.018322 -0.213125 -0.150917  0.373587   \n",
       "Fare            0.031428  0.257307 -0.558629 -0.185523  0.178740  0.160238   \n",
       "Embarked       -0.051518 -0.169718  0.187349  0.099408 -0.081928  0.066055   \n",
       "\n",
       "                Parch      Fare  Embarked  \n",
       "PassengerId  0.008942  0.031428 -0.051518  \n",
       "Survived     0.081629  0.257307 -0.169718  \n",
       "Pclass       0.018322 -0.558629  0.187349  \n",
       "Sex         -0.213125 -0.185523  0.099408  \n",
       "Age         -0.150917  0.178740 -0.081928  \n",
       "SibSp        0.373587  0.160238  0.066055  \n",
       "Parch        1.000000  0.221539  0.045216  \n",
       "Fare         0.221539  1.000000 -0.239086  \n",
       "Embarked     0.045216 -0.239086  1.000000  "
      ]
     },
     "execution_count": 18,
     "metadata": {},
     "output_type": "execute_result"
    }
   ],
   "source": [
    "df.corr()"
   ]
  },
  {
   "cell_type": "code",
   "execution_count": 19,
   "id": "a953ab1c",
   "metadata": {},
   "outputs": [],
   "source": [
    "new_df = df.drop('PassengerId', axis=1)"
   ]
  },
  {
   "cell_type": "code",
   "execution_count": null,
   "id": "d40efc8b",
   "metadata": {},
   "outputs": [],
   "source": []
  },
  {
   "cell_type": "code",
   "execution_count": 20,
   "id": "f194a7a7",
   "metadata": {},
   "outputs": [
    {
     "data": {
      "text/plain": [
       "Survived     418\n",
